RBF Model

Input Parameters:
    x01 = "R11"
    x02 = "R12"
    x03 = "R13"

Output Parameters:
    y01 = "ch"
    y02 = "sd"
    y03 = "yl"

MODEL DATA

Number of inputs:                   3
Number of outputs:                  3
Number of recorded designs:         200

Matrix with design INPUTS:

design #             x01                     x02                     x03          
----------------------------------------------------------------------------------
       1 |              0.005869 |              0.006623 |              0.004543 |
       2 |              0.004633 |                 0.007 |              0.005975 |
       3 |              0.005643 |              0.006095 |              0.006111 |
       4 |              0.006261 |              0.004407 |              0.004015 |
       5 |              0.005643 |              0.005598 |              0.005749 |
       6 |               0.00691 |              0.004392 |              0.005492 |
       7 |              0.006638 |              0.005719 |              0.004573 |
       8 |              0.004648 |              0.004151 |              0.006518 |
       9 |              0.004347 |               0.00608 |              0.004799 |
      10 |              0.005357 |              0.005643 |              0.006894 |
      11 |              0.004106 |              0.004467 |              0.005719 |
      12 |              0.006518 |              0.006533 |              0.004045 |
      13 |              0.004211 |              0.006729 |              0.005704 |
      14 |              0.004317 |              0.005342 |              0.005131 |
      15 |              0.004211 |               0.00501 |              0.005884 |
      16 |              0.005101 |              0.004482 |              0.006307 |
      17 |              0.004588 |              0.004302 |              0.004769 |
      18 |              0.004437 |               0.00697 |              0.004362 |
      19 |              0.004965 |               0.00691 |               0.00495 |
      20 |              0.005025 |              0.006744 |              0.004422 |
      21 |               0.00593 |              0.005146 |              0.006322 |
      22 |              0.005387 |              0.005417 |               0.00498 |
      23 |                 0.004 |               0.00498 |              0.004709 |
      24 |              0.005628 |              0.006985 |              0.006156 |
      25 |              0.006578 |              0.004362 |               0.00608 |
      26 |              0.004467 |              0.006457 |              0.006819 |
      27 |              0.004136 |              0.005568 |              0.004648 |
      28 |              0.006201 |              0.005613 |              0.004874 |
      29 |              0.004075 |              0.006382 |              0.005176 |
      30 |              0.005266 |              0.004995 |              0.006503 |
      31 |              0.004784 |              0.006789 |              0.005477 |
      32 |              0.004935 |              0.004573 |              0.005146 |
      33 |              0.005492 |              0.006231 |              0.004392 |
      34 |              0.005553 |              0.004513 |              0.005794 |
      35 |              0.004678 |              0.005719 |              0.005854 |
      36 |              0.006879 |              0.006276 |              0.006005 |
      37 |              0.005613 |              0.006864 |              0.004965 |
      38 |              0.004015 |              0.006367 |              0.006412 |
      39 |              0.005236 |              0.004497 |              0.004181 |
      40 |              0.006849 |              0.006005 |              0.005055 |
      41 |               0.00697 |              0.005553 |              0.006231 |
      42 |              0.004663 |              0.005236 |              0.005628 |
      43 |              0.006819 |              0.004256 |              0.006578 |
      44 |              0.006955 |              0.005854 |              0.005643 |
      45 |               0.00504 |              0.004347 |              0.005688 |
      46 |              0.006412 |              0.005688 |              0.006563 |
      47 |               0.00599 |              0.004859 |               0.00492 |
      48 |              0.004769 |              0.005628 |              0.004196 |
      49 |              0.004407 |              0.004241 |              0.005296 |
      50 |              0.004995 |              0.006397 |              0.006668 |
      51 |              0.006834 |              0.006111 |              0.006548 |
      52 |              0.004739 |               0.00605 |              0.006276 |
      53 |              0.005296 |              0.004874 |              0.005447 |
      54 |              0.005704 |              0.005824 |              0.004678 |
      55 |              0.005794 |              0.005764 |              0.005236 |
      56 |              0.006307 |              0.005131 |              0.005281 |
      57 |              0.005402 |              0.004814 |              0.004889 |
      58 |              0.005327 |              0.006804 |              0.006849 |
      59 |              0.006171 |              0.004121 |               0.00507 |
      60 |              0.004844 |              0.005025 |              0.004106 |
      61 |              0.004392 |              0.006201 |              0.005613 |
      62 |              0.005719 |              0.004362 |              0.004814 |
      63 |              0.005749 |              0.005191 |              0.005342 |
      64 |              0.006472 |              0.005945 |              0.004075 |
      65 |              0.005492 |              0.006759 |              0.004166 |
      66 |              0.005146 |              0.005477 |              0.005462 |
      67 |              0.005342 |              0.004045 |               0.00605 |
      68 |              0.005312 |              0.005704 |              0.004286 |
      69 |              0.005915 |              0.004618 |              0.005402 |
      70 |              0.004543 |              0.004603 |              0.006126 |
      71 |               0.00602 |              0.006638 |              0.006759 |
      72 |              0.006985 |              0.005266 |              0.004603 |
      73 |              0.004814 |              0.005915 |               0.00691 |
      74 |              0.005839 |              0.006894 |              0.005523 |
      75 |               0.00492 |              0.005568 |              0.006472 |
      76 |              0.006035 |              0.004211 |              0.006095 |
      77 |              0.004618 |              0.005794 |              0.005312 |
      78 |              0.006126 |              0.005312 |              0.005764 |
      79 |              0.006789 |              0.004784 |              0.006397 |
      80 |              0.006623 |              0.004799 |              0.004211 |
      81 |               0.00495 |               0.00403 |              0.005221 |
      82 |              0.006367 |              0.005749 |              0.005417 |
      83 |              0.006683 |              0.005387 |              0.005643 |
      84 |              0.004799 |              0.006925 |              0.006653 |
      85 |               0.00501 |              0.004844 |               0.00593 |
      86 |              0.006864 |              0.004709 |              0.004739 |
      87 |              0.005191 |              0.005884 |              0.004844 |
      88 |              0.004558 |              0.006472 |              0.004121 |
      89 |               0.00507 |              0.006714 |              0.006201 |
      90 |              0.005779 |              0.004437 |              0.004271 |
      91 |              0.004181 |              0.004166 |              0.004407 |
      92 |              0.004045 |              0.004889 |              0.005372 |
      93 |              0.006925 |              0.006774 |              0.006246 |
      94 |              0.005523 |                 0.004 |              0.004437 |
      95 |              0.005462 |              0.006216 |               0.00694 |
      96 |              0.006804 |              0.006593 |               0.00504 |
      97 |              0.005538 |              0.005055 |              0.005945 |
      98 |               0.00694 |              0.006683 |              0.005568 |
      99 |               0.00608 |              0.006412 |              0.005432 |
      100 |              0.006337 |              0.004528 |              0.004633 |
      101 |               0.00409 |              0.006487 |              0.004437 |
      102 |              0.005417 |              0.004332 |              0.005266 |
      103 |              0.006005 |              0.005673 |              0.006186 |
      104 |              0.004256 |              0.004437 |              0.006789 |
      105 |              0.004573 |              0.006563 |              0.004693 |
      106 |              0.004739 |              0.004271 |              0.004211 |
      107 |              0.004709 |              0.006337 |              0.005161 |
      108 |              0.004286 |              0.005357 |              0.004151 |
      109 |                 0.007 |               0.00504 |               0.00596 |
      110 |              0.005945 |              0.004558 |              0.006879 |
      111 |              0.005854 |              0.004075 |              0.005553 |
      112 |              0.005673 |              0.004633 |              0.006367 |
      113 |              0.006246 |              0.004663 |              0.006427 |
      114 |              0.005884 |              0.005538 |              0.006729 |
      115 |              0.004528 |              0.004106 |              0.005824 |
      116 |              0.004693 |              0.005643 |              0.004784 |
      117 |              0.006427 |              0.006819 |              0.005387 |
      118 |              0.004241 |              0.006879 |              0.006533 |
      119 |              0.004362 |              0.006849 |              0.005116 |
      120 |              0.006156 |              0.005492 |              0.004332 |
      121 |              0.006457 |              0.004588 |              0.005191 |
      122 |              0.006276 |              0.004136 |              0.006623 |
      123 |               0.00596 |              0.006548 |               0.00602 |
      124 |              0.004603 |              0.004693 |              0.005568 |
      125 |              0.004874 |              0.005161 |              0.005085 |
      126 |              0.005899 |              0.006065 |              0.006608 |
      127 |              0.005688 |              0.005327 |               0.00406 |
      128 |              0.005372 |              0.004543 |              0.006834 |
      129 |              0.006095 |               0.00602 |              0.005794 |
      130 |              0.006065 |               0.00492 |              0.004317 |
      131 |               0.00498 |              0.005206 |              0.006955 |
      132 |              0.006291 |              0.006698 |              0.004859 |
      133 |              0.004121 |              0.004286 |              0.006261 |
      134 |              0.005281 |              0.006608 |              0.005327 |
      135 |              0.005085 |              0.005372 |               0.00599 |
      136 |              0.006111 |              0.004015 |              0.004482 |
      137 |               0.00605 |              0.004739 |              0.005915 |
      138 |              0.005568 |              0.006518 |              0.006442 |
      139 |              0.004437 |              0.004769 |              0.005025 |
      140 |              0.006563 |              0.004678 |              0.006925 |
      141 |              0.005161 |               0.00406 |              0.006683 |
      142 |              0.006714 |              0.004211 |              0.004347 |
      143 |              0.006548 |              0.004814 |              0.005719 |
      144 |              0.005206 |              0.005899 |              0.005869 |
      145 |              0.006894 |              0.004965 |              0.005251 |
      146 |              0.004362 |              0.004724 |              0.004302 |
      147 |              0.005131 |              0.006322 |                 0.004 |
      148 |              0.004332 |              0.005447 |              0.006216 |
      149 |              0.006593 |              0.006246 |              0.005492 |
      150 |              0.005432 |              0.006578 |              0.005839 |
      151 |              0.005251 |               0.00599 |              0.006457 |
      152 |              0.005598 |              0.006171 |              0.005538 |
      153 |              0.006322 |              0.006156 |               0.00501 |
      154 |              0.005568 |              0.005085 |               0.00697 |
      155 |              0.006216 |              0.005101 |              0.006804 |
      156 |              0.004271 |              0.005975 |              0.004241 |
      157 |              0.005221 |              0.006442 |              0.004814 |
      158 |              0.004814 |              0.004648 |              0.006744 |
      159 |              0.005176 |              0.004317 |              0.004739 |
      160 |              0.005447 |               0.00495 |              0.004362 |
      161 |              0.006774 |              0.005251 |              0.006714 |
      162 |              0.004859 |              0.006141 |              0.004467 |
      163 |              0.004889 |              0.004739 |              0.004588 |
      164 |              0.005477 |              0.005492 |              0.006352 |
      165 |              0.006759 |              0.005779 |                 0.007 |
      166 |              0.006487 |              0.006653 |              0.005899 |
      167 |              0.006608 |              0.006668 |              0.006698 |
      168 |              0.005764 |              0.006307 |              0.004995 |
      169 |              0.004497 |              0.006503 |              0.006141 |
      170 |              0.006533 |              0.005794 |              0.006035 |
      171 |              0.004151 |              0.005523 |              0.005673 |
      172 |              0.006729 |              0.005462 |              0.005101 |
      173 |              0.004513 |              0.005176 |              0.004618 |
      174 |              0.006352 |              0.006261 |              0.006291 |
      175 |              0.004889 |              0.006352 |              0.005779 |
      176 |              0.006668 |              0.006291 |              0.004528 |
      177 |              0.004196 |               0.00596 |              0.006065 |
      178 |              0.005055 |              0.005296 |              0.004558 |
      179 |              0.006382 |              0.006186 |              0.006864 |
      180 |              0.005719 |               0.00409 |              0.006593 |
      181 |              0.004482 |              0.005432 |              0.006774 |
      182 |              0.006503 |              0.005221 |              0.006171 |
      183 |               0.00406 |              0.005839 |              0.005206 |
      184 |              0.006186 |              0.006955 |              0.004256 |
      185 |              0.006141 |              0.006126 |              0.004497 |
      186 |              0.004422 |              0.004935 |              0.006985 |
      187 |              0.005794 |              0.005281 |              0.004663 |
      188 |              0.005975 |              0.006427 |               0.00403 |
      189 |              0.006442 |              0.005116 |              0.004724 |
      190 |              0.006231 |               0.00694 |              0.006337 |
      191 |              0.006653 |              0.005402 |              0.004136 |
      192 |              0.004724 |               0.00507 |              0.006382 |
      193 |              0.005824 |              0.005869 |               0.00409 |
      194 |               0.00403 |              0.004422 |              0.004889 |
      195 |              0.006397 |              0.004196 |              0.005598 |
      196 |              0.006698 |              0.006834 |              0.004513 |
      197 |              0.004302 |               0.00593 |              0.006638 |
      198 |              0.006744 |              0.004181 |              0.004935 |
      199 |              0.005116 |              0.006035 |              0.005357 |
      200 |              0.004166 |              0.004889 |              0.006487 |

Matrix with design OUTPUTS:

design #             y01                     y02                     y03          
----------------------------------------------------------------------------------
       1 |             1.9311675 |             28.449795 |             1679635.2 |
       2 |            0.47302625 |             41.107441 |               1812525 |
       3 |             2.4803889 |              28.06777 |             1534406.9 |
       4 |            0.64267802 |             44.525242 |             2520373.8 |
       5 |             2.0207548 |             29.210823 |             1648450.9 |
       6 |            0.29877603 |             43.771194 |             2038419.8 |
       7 |             1.8895236 |             28.387493 |             1699476.8 |
       8 |           -0.53908461 |             50.100895 |             2691680.1 |
       9 |            0.45018753 |             45.022469 |             2266136.4 |
      10 |             2.0332484 |             30.684053 |             1637611.8 |
      11 |            0.31106061 |             49.584972 |             2901688.5 |
      12 |            0.76489097 |              35.93396 |             1827929.4 |
      13 |            0.12757047 |             48.288395 |             2169053.4 |
      14 |            0.61980838 |             46.726234 |             2371489.6 |
      15 |            0.38600391 |             47.858803 |             2482594.7 |
      16 |            0.31570581 |             41.694977 |             2211695.2 |
      17 |            0.53314799 |             44.560795 |             2786518.8 |
      18 |            0.76198435 |             44.150757 |             2239825.2 |
      19 |             1.0486519 |             37.532917 |             1789519.6 |
      20 |             1.6565456 |             36.679909 |             1925825.2 |
      21 |             1.2514887 |             31.557144 |             1679404.5 |
      22 |             2.1455634 |             30.047434 |             1857650.1 |
      23 |            0.30846149 |             56.027073 |             2909278.4 |
      24 |             1.9679561 |             29.302443 |             1446961.7 |
      25 |            0.11923321 |             45.522301 |             2034033.4 |
      26 |            0.50269783 |              41.94223 |             1917274.1 |
      27 |            0.54708469 |             49.402386 |               2588685 |
      28 |             2.5207567 |             27.990135 |             1685956.8 |
      29 |            0.10929468 |             50.593044 |             2410114.1 |
      30 |            0.98221964 |             34.270847 |             1870930.4 |
      31 |            0.62810349 |             41.336086 |             1794048.6 |
      32 |            0.51580137 |             40.371231 |             2325811.4 |
      33 |             1.1529986 |             30.913286 |             1847636.4 |
      34 |            0.32766011 |             42.708656 |             2093872.1 |
      35 |            0.81925112 |              39.14278 |             1947600.1 |
      36 |             3.5791247 |             22.950449 |             1365809.4 |
      37 |             2.5096147 |             29.230217 |             1599387.3 |
      38 |            -0.1745366 |              51.90551 |               2363726 |
      39 |            0.77789271 |             42.991947 |             2565224.3 |
      40 |              3.222708 |             23.990742 |             1517540.7 |
      41 |             1.9934453 |             27.844809 |               1463788 |
      42 |             1.0346706 |             40.214836 |             2097635.8 |
      43 |           -0.36854362 |             46.943714 |             2076406.3 |
      44 |             2.8840537 |             25.908213 |             1453078.2 |
      45 |            0.35258937 |             45.010662 |             2383445.2 |
      46 |             2.2573936 |             27.191996 |             1462303.5 |
      47 |            0.95517892 |             36.571465 |             1948941.8 |
      48 |            0.63085401 |             40.463669 |             2283332.9 |
      49 |           -0.38411215 |             46.207581 |             2860939.9 |
      50 |            0.84367937 |             38.186806 |             1653907.7 |
      51 |             3.3824236 |             24.867943 |             1358897.1 |
      52 |            0.70315248 |             41.114975 |             1832065.9 |
      53 |            0.97704333 |             35.506706 |             1997544.2 |
      54 |             1.9230636 |             27.757462 |             1773753.2 |
      55 |             2.8974195 |             27.320402 |             1649776.7 |
      56 |             1.3132275 |             32.218491 |               1731540 |
      57 |            0.78206956 |             38.377712 |               2094264 |
      58 |             1.7668893 |             30.832045 |             1498984.4 |
      59 |           -0.22065425 |             50.209595 |             2424118.1 |
      60 |            0.96331829 |             37.377213 |             2470305.6 |
      61 |            0.52998704 |             44.720539 |             2076727.7 |
      62 |            0.34970251 |             46.434204 |             2324436.5 |
      63 |             1.4875582 |             31.459398 |             1783637.1 |
      64 |            0.83436882 |             36.372669 |             1886687.3 |
      65 |            0.83436882 |             36.372669 |             1886687.3 |
      66 |             1.8093264 |             34.122227 |               1842607 |
      67 |           -0.57489753 |             52.080402 |               2554043 |
      68 |             1.3446919 |             31.318544 |             2022340.2 |
      69 |            0.33577853 |             40.015068 |               2004227 |
      70 |            0.25135773 |             42.487072 |             2406436.1 |
      71 |             3.4462712 |             24.149227 |             1375568.7 |
      72 |              1.706821 |             31.133211 |             1775574.5 |
      73 |            0.81404859 |             39.754578 |             1784713.3 |
      74 |             2.9805477 |             27.246889 |               1468346 |
      75 |             1.1492475 |             37.042015 |             1820398.8 |
      76 |           -0.26758003 |             48.185421 |             2232464.1 |
      77 |            0.88026941 |             40.971123 |             2029239.1 |
      78 |            0.72583061 |             32.608459 |             1641378.1 |
      79 |            0.59919733 |             38.046005 |             1730144.1 |
      80 |             1.1119531 |             37.525009 |             2132224.5 |
      81 |           -0.18659379 |             53.310963 |             2795962.1 |
      82 |             2.4395595 |              26.76405 |             1546844.6 |
      83 |             1.0609617 |             30.307768 |             1573872.6 |
      84 |            0.76288873 |              38.88369 |             1691512.5 |
      85 |            0.80386001 |             36.869625 |             2059110.1 |
      86 |            0.77034938 |             39.080357 |             1971996.9 |
      87 |             1.9510158 |             33.164326 |             1849211.9 |
      88 |            0.96086365 |             40.999397 |               2317837 |
      89 |             1.3798665 |             34.527405 |             1618976.1 |
      90 |            0.65879405 |             43.475376 |               2435296 |
      91 |           -0.11020827 |              49.02005 |               3342559 |
      92 |             0.4711625 |             50.927444 |             2765147.4 |
      93 |             4.6831689 |             20.547436 |             1298738.8 |
      94 |           0.051914569 |             52.741001 |             2844756.4 |
      95 |             2.0962245 |             28.479746 |             1517659.1 |
      96 |             2.9713788 |             23.994738 |             1453452.5 |
      97 |             1.1459031 |             33.034843 |             1810595.8 |
      98 |             4.3307848 |             20.981659 |               1360463 |
      99 |             3.9467206 |              24.36968 |             1485588.1 |
      100 |            0.68348044 |             41.845482 |             2154511.7 |
      101 |            0.31460685 |             49.877251 |             2568020.2 |
      102 |            0.34995919 |             45.825279 |             2329482.2 |
      103 |             2.4342644 |             27.758797 |             1537329.9 |
      104 |           0.057039969 |              46.62957 |               2706720 |
      105 |            0.96449965 |             40.995022 |             2077128.2 |
      106 |            0.58787662 |             45.557129 |             2928172.3 |
      107 |            0.81239116 |             39.827221 |             1923141.5 |
      108 |            0.85649073 |             47.455208 |             2694590.4 |
      109 |              1.039897 |             33.131248 |             1630409.7 |
      110 |           -0.28307858 |             41.753113 |             1924917.4 |
      111 |           -0.60436058 |             52.913006 |             2449292.8 |
      112 |            0.27307692 |             41.452301 |             1953542.8 |
      113 |            0.42622092 |             40.096603 |             1846653.1 |
      114 |              1.921423 |             28.105936 |             1557297.8 |
      115 |           -0.26114577 |             49.633961 |             2853872.5 |
      116 |             1.0516071 |             39.198692 |             2115402.4 |
      117 |             4.3015122 |             22.790926 |             1413223.7 |
      118 |            0.19101498 |             46.498138 |             2073974.6 |
      119 |            0.52485263 |             44.647243 |             2104305.4 |
      120 |             1.3582721 |             30.843069 |             1887080.6 |
      121 |            0.46460128 |             40.816242 |             1979875.1 |
      122 |          -0.044380993 |             50.605877 |             2243907.4 |
      123 |               3.50442 |             24.987986 |             1433312.5 |
      124 |            0.37518126 |               42.0201 |             2367145.4 |
      125 |              1.453936 |             37.736851 |             2089104.8 |
      126 |             2.7942355 |             26.235806 |             1465240.3 |
      127 |            0.76334155 |             35.874756 |             2139660.4 |
      128 |          -0.081320934 |             40.536015 |             2055889.7 |
      129 |             3.4351552 |             24.526266 |             1495017.4 |
      130 |             1.1727972 |             35.110962 |             2091167.9 |
      131 |             1.2523816 |             37.421707 |             1875735.3 |
      132 |              2.430542 |             25.478207 |             1529432.2 |
      133 |             0.1847284 |             49.839237 |             2989464.6 |
      134 |              1.759521 |             32.138729 |             1641161.1 |
      135 |             1.2056315 |              34.82798 |             1840098.3 |
      136 |           -0.18026367 |             54.537987 |             2703212.8 |
      137 |            0.51301724 |             39.921551 |             1861719.9 |
      138 |             2.0258429 |             28.864445 |             1481621.2 |
      139 |            0.75989324 |             43.245613 |             2515183.9 |
      140 |            0.45228735 |             39.096325 |             1780226.6 |
      141 |           -0.27476412 |             51.708927 |             2557545.1 |
      142 |            0.19869946 |             47.061516 |               2472687 |
      143 |            0.60904306 |             37.788002 |             1786023.5 |
      144 |              1.664531 |             33.059448 |             1694650.2 |
      145 |             1.1698337 |             34.439739 |             1745883.5 |
      146 |              1.106271 |             44.883041 |             2804739.6 |
      147 |            0.56466931 |              37.62067 |             2137977.1 |
      148 |            0.55302346 |             44.148712 |             2217312.8 |
      149 |             4.2106137 |             22.344929 |             1440122.1 |
      150 |              2.201685 |             30.040009 |             1547700.3 |
      151 |             1.7727008 |             32.113827 |             1629623.1 |
      152 |             2.2604201 |             29.151901 |             1583154.8 |
      153 |             2.7073085 |             23.997808 |             1552100.1 |
      154 |             1.0369917 |             32.417847 |             1737769.4 |
      155 |              1.036103 |             32.549881 |             1632414.5 |
      156 |            0.60726178 |             47.403671 |             2537933.6 |
      157 |             1.6569803 |             31.770073 |             1772392.7 |
      158 |            0.26902181 |             40.232758 |             2195909.5 |
      159 |            0.33304515 |              45.03912 |             2516276.5 |
      160 |             1.4179026 |             34.291241 |             2176156.9 |
      161 |             1.3742051 |              30.74008 |             1533041.8 |
      162 |             1.1729785 |             38.665298 |             2041354.9 |
      163 |            0.91984463 |             38.143776 |             2381543.5 |
      164 |             1.9667256 |             28.576653 |             1666820.7 |
      165 |             2.1679928 |             27.094982 |             1397932.8 |
      166 |             4.3518701 |             22.937098 |             1367820.8 |
      167 |             4.5259628 |             21.367796 |             1309057.9 |
      168 |             2.6628811 |             27.734022 |             1615845.6 |
      169 |            0.36869329 |             43.368378 |               1924895 |
      170 |             2.5205946 |             26.057566 |             1462134.6 |
      171 |            0.24533248 |             48.729065 |             2404020.7 |
      172 |             1.2913613 |              29.94091 |             1623898.5 |
      173 |             1.2527803 |             41.748283 |             2391285.5 |
      174 |             3.9448738 |             22.433638 |             1394868.7 |
      175 |            0.99968529 |             37.094406 |             1755397.2 |
      176 |             1.7733356 |             28.728539 |             1623936.8 |
      177 |            0.24651964 |              48.36713 |             2242109.6 |
      178 |             1.8401474 |              34.86129 |             2105097.8 |
      179 |             2.9414797 |             23.197567 |             1373637.7 |
      180 |           -0.45373499 |             50.311466 |             2383806.7 |
      181 |            0.56726485 |             42.563118 |             2079547.9 |
      182 |             1.3866404 |             30.976648 |             1594467.6 |
      183 |            0.18240067 |             53.197182 |             2502670.6 |
      184 |             1.1390994 |               32.8437 |             1719703.1 |
      185 |             1.6164087 |             29.425402 |             1712836.2 |
      186 |            0.81776571 |             43.308453 |             2277978.2 |
      187 |             1.9952687 |              30.92033 |               1885347 |
      188 |            0.77102429 |             35.999126 |             1914286.4 |
      189 |             1.5602913 |             32.363979 |             1832901.2 |
      190 |             4.0436835 |             22.617508 |             1344386.5 |
      191 |            0.93620044 |             34.476974 |             1947030.1 |
      192 |            0.96454781 |             40.519833 |             2064752.3 |
      193 |            0.82167906 |             34.584312 |               1976778 |
      194 |             0.4505417 |             51.608494 |             3146409.4 |
      195 |           -0.31507102 |             47.879425 |               2240736 |
      196 |             1.7682948 |             29.543121 |             1574638.8 |
      197 |            0.28681085 |             47.007744 |             2122633.9 |
      198 |           0.082375772 |             47.743317 |             2328089.9 |
      199 |             1.6322631 |             34.216888 |             1759893.8 |
      200 |             0.4433282 |             48.312233 |             2537359.9 |

Model percent error for each output:

                     y01                     y02                     y03          
----------------------------------------------------------------------------------
          |      3.93669435441496 |      3.71353701447763 |     0.299045567952996 |

Model shape parameter:      2.49989998340607

Model imax parameter:  200

Model alpha array:

                     0 |                     0 |                     0 |      58.8858108258719 |     -318.661234881913 |     -939503.216163562 |
                     0 |                     0 |                     0 |     -4.72971261729094 |     -178.711813059956 |     -706249.046222402 |
                     0 |                     0 |                     0 |     -34.9738738344471 |      118.034124816196 |     -31196.7439739658 |
                     0 |                     0 |                     0 |      22.3613011025278 |      -49.494270255456 |      1337928.85821133 |
                     0 |                     0 |                     0 |      13.1675534402923 |     -111.010857270722 |     -704393.165990206 |
                     0 |                     0 |                     0 |     -0.73422398760842 |      42.7511658250083 |     -757121.552462978 |
                     0 |                     0 |                     0 |      11.9386100329497 |     -158.251123632808 |     -344068.383195503 |
                     0 |                     0 |                     0 |     -66.1114720915138 |       342.64570802109 |      -586010.62762402 |
                     0 |                     0 |                     0 |     -21.7236352571691 |      -155.43341048578 |     -3911803.35607919 |
                     0 |                     0 |                     0 |      45.9637458589256 |     -41.2326162065097 |     -399535.574750686 |
                     0 |                     0 |                     0 |      34.9235912565463 |      154.930440400614 |      169743.931370904 |
                     0 |                     0 |                     0 |     -9.11749558881639 |     -44.1580120026391 |      2238338.22793055 |
                     0 |                     0 |                     0 |      0.46252470827163 |      36.7950145282042 |      884864.567464878 |
                     0 |                     0 |                     0 |     -16.8996315750959 |      51.6291795111566 |     -2615360.39813624 |
                     0 |                     0 |                     0 |     -30.2982785202789 |      247.618481263094 |      -1438453.3069149 |
                     0 |                     0 |                     0 |      49.0181707483049 |     -140.746460841043 |     -773381.842898618 |
                     0 |                     0 |                     0 |      69.3380303173145 |      34.3842065840228 |     -1614122.09818894 |
                     0 |                     0 |                     0 |       -15.27486177351 |      54.2437852905912 |     -1529527.33344108 |
                     0 |                     0 |                     0 |     -66.7442257476926 |       87.305196283349 |      603066.590182875 |
                     0 |                     0 |                     0 |      110.553477938683 |      25.5894055130699 |     -18966.7419295933 |
                     0 |                     0 |                     0 |       9.8541993488684 |     -244.279487828849 |      502541.402498825 |
                     0 |                     0 |                     0 |     -19.3770742815587 |      -534.35118284123 |     -1576917.50245902 |
                     0 |                     0 |                     0 |     -90.8632593980721 |      631.252780367551 |       3011096.0459652 |
                     0 |                     0 |                     0 |     -74.1664524998893 |      178.045743330951 |      156193.314197128 |
                     0 |                     0 |                     0 |      26.9217809557956 |      64.2459043331624 |     -1738590.39374943 |
                     0 |                     0 |                     0 |       37.863617741568 |     -499.142765651199 |     -2619731.47147502 |
                     0 |                     0 |                     0 |      24.1655952323752 |     -415.429226267613 |     -963527.711012731 |
                     0 |                     0 |                     0 |      100.449645543267 |      188.173461971672 |     -14601.8104904023 |
                     0 |                     0 |                     0 |     -17.4752300805129 |     -51.0679339604476 |      2097142.71252878 |
                     0 |                     0 |                     0 |     -19.2880512926548 |     -129.983513390061 |      1931347.42045801 |
                     0 |                     0 |                     0 |     -31.7344005748931 |      574.242357273006 |       130353.99924452 |
                     0 |                     0 |                     0 |     -10.0768052122381 |     -205.038662032882 |     -315258.469777508 |
                     0 |                     0 |                     0 |     -60.5286676186008 |     -98.8867196596969 |     -2321567.26211196 |
                     0 |                     0 |                     0 |     -6.21034401451737 |      163.664968788654 |     -2173558.52259033 |
                     0 |                     0 |                     0 |     -24.4621003338318 |      -241.09291755357 |     -97117.9213411734 |
                     0 |                     0 |                     0 |     -99.8130871509749 |   -0.0585308935795759 |     -922312.044398678 |
                     0 |                     0 |                     0 |       54.805734113301 |     -14.3826353873074 |      490185.270985201 |
                     0 |                     0 |                     0 |     -32.3544325636359 |      120.798687188562 |      6146803.54458962 |
                     0 |                     0 |                     0 |      4.44680209817726 |       399.57141204532 |     -231645.868690469 |
                     0 |                     0 |                     0 |      132.229261556558 |     -236.709842796847 |      346737.777375721 |
                     0 |                     0 |                     0 |     0.622415610723942 |     -44.4306731764161 |      277990.745871443 |
                     0 |                     0 |                     0 |      49.5502496546791 |      36.2580079556305 |      41196.3029608354 |
                     0 |                     0 |                     0 |     -53.3648312022129 |     -77.0616164212718 |      1636786.00450047 |
                     0 |                     0 |                     0 |      37.9900455350443 |      144.294361183199 |      248089.589140528 |
                     0 |                     0 |                     0 |      59.0653790833953 |      51.3384066848689 |     -1693431.58006525 |
                     0 |                     0 |                     0 |     -13.2634450302998 |      99.2327037471229 |     -1083088.57812093 |
                     0 |                     0 |                     0 |     -63.4924685205826 |      149.881891554521 |      2572039.43689187 |
                     0 |                     0 |                     0 |     -91.0471745311845 |       396.95416728065 |     -1180729.83331287 |
                     0 |                     0 |                     0 |     -118.102901803863 |     -418.285966901606 |     -3493036.05596646 |
                     0 |                     0 |                     0 |     -70.4110145258892 |      566.751200054078 |      566450.108745353 |
                     0 |                     0 |                     0 |      40.3751399064492 |      181.929851653223 |     -286297.784265755 |
                     0 |                     0 |                     0 |      -5.9950896622293 |      299.725993200569 |      1201518.99262515 |
                     0 |                     0 |                     0 |     -4.00697774014918 |     -196.825473907102 |      1094412.71210152 |
                     0 |                     0 |                     0 |     -95.1789571962748 |     -119.127688023453 |      1399499.42008716 |
                     0 |                     0 |                     0 |      105.435595814371 |     -106.651882022836 |       182015.96098492 |
                     0 |                     0 |                     0 |       112.23682065505 |     -373.200450361631 |      169357.078261152 |
                     0 |                     0 |                     0 |     -85.0406520117066 |      594.040083887689 |      2489407.02754313 |
                     0 |                     0 |                     0 |      22.6626296605141 |     -120.254230006248 |      979247.648746032 |
                     0 |                     0 |                     0 |      14.1766229239912 |     -250.194820443464 |      281494.620909716 |
                     0 |                     0 |                     0 |     -30.3388805287233 |      -336.37442616298 |      969378.919418044 |
                     0 |                     0 |                     0 |      43.0823511874611 |     -104.558943767965 |     -3345602.45764879 |
                     0 |                     0 |                     0 |      24.8567477328308 |      181.035864887209 |     -2454902.72705216 |
                     0 |                     0 |                     0 |      -4.3213009508477 |     -42.6863002640894 |     -318245.402001066 |
                     0 |                     0 |                     0 |      2.25166123273087 |      230.609437402172 |      296753.315905799 |
                     0 |                     0 |                     0 |     -66.3830210525291 |      254.230803636199 |      -1517367.0834199 |
                     0 |                     0 |                     0 |      29.9461049562865 |      182.385870014607 |      717813.425365876 |
                     0 |                     0 |                     0 |     -50.7547983613736 |     -98.9330251185142 |      1528415.12212794 |
                     0 |                     0 |                     0 |      55.4226972690577 |     -664.729186992318 |     -1282627.93564665 |
                     0 |                     0 |                     0 |     -6.19882541659034 |     -261.305865345944 |     -190309.338766321 |
                     0 |                     0 |                     0 |      -27.568484853308 |     -375.838510867478 |     -3905205.15565045 |
                     0 |                     0 |                     0 |      30.6036733370573 |      151.929958840671 |       100514.83998284 |
                     0 |                     0 |                     0 |      54.0201580462702 |     -179.787699470966 |      -505327.10361162 |
                     0 |                     0 |                     0 |     -35.6541906453589 |        204.0631270976 |      144870.037950728 |
                     0 |                     0 |                     0 |     -52.0230430073757 |      51.7041486250167 |       137286.50313244 |
                     0 |                     0 |                     0 |     -13.4696969502546 |     -7.53148945477051 |     -1245114.86623964 |
                     0 |                     0 |                     0 |     -7.85604119253271 |     -327.587371085471 |     -1572180.28519644 |
                     0 |                     0 |                     0 |     -9.94436980019022 |      8.85790978473403 |     -158886.042598865 |
                     0 |                     0 |                     0 |     -197.972931997684 |      538.845977473387 |      345961.090422027 |
                     0 |                     0 |                     0 |      -18.226614259264 |      229.817928894731 |     -896491.721241951 |
                     0 |                     0 |                     0 |       39.914242872548 |     -65.9193791845023 |      -637393.20673251 |
                     0 |                     0 |                     0 |       8.5960266096668 |      545.738234889484 |      4521065.04635429 |
                     0 |                     0 |                     0 |      -18.169732807611 |      72.1943784617972 |     -512582.605471669 |
                     0 |                     0 |                     0 |     -58.5050332233398 |     -20.7647908794656 |      91936.4815858484 |
                     0 |                     0 |                     0 |     -19.0136979890258 |       184.97220851818 |     -495214.023401934 |
                     0 |                     0 |                     0 |     -19.0111532105745 |     -198.504195689153 |      1817257.65627699 |
                     0 |                     0 |                     0 |     -70.4618368514998 |      268.702653067529 |     -1013567.33514286 |
                     0 |                     0 |                     0 |      48.2297867027826 |      391.133832525553 |      985224.983448557 |
                     0 |                     0 |                     0 |      26.6811375542047 |     -434.045727658021 |     -1212217.83444565 |
                     0 |                     0 |                     0 |      85.8728981412935 |     -297.246895568224 |      900734.649504787 |
                     0 |                     0 |                     0 |     -7.94971227667443 |     -178.276149724998 |     -3565231.70655385 |
                     0 |                     0 |                     0 |     -61.3037956136072 |     -242.170192733556 |      348628.883958014 |
                     0 |                     0 |                     0 |      28.1685535880874 |     -226.290090077715 |      1394571.76113264 |
                     0 |                     0 |                     0 |      9.14838098723465 |     -50.9828546492245 |      1666836.90253194 |
                     0 |                     0 |                     0 |      10.3655338573689 |     -157.120725493255 |      3143264.95624393 |
                     0 |                     0 |                     0 |      17.5109571845505 |     -273.325450684594 |     -54358.9765411345 |
                     0 |                     0 |                     0 |     -104.281010536023 |      208.045092288975 |      135969.664379656 |
                     0 |                     0 |                     0 |      27.9463487827812 |     -166.177337676161 |      209169.256103809 |
                     0 |                     0 |                     0 |       16.181875030448 |     -130.966079679993 |       720750.68868668 |
                     0 |                     0 |                     0 |      73.8677591091075 |      10.0798512100916 |      164290.932549623 |
                     0 |                     0 |                     0 |      14.7058711568399 |     -24.7409930435678 |     -2929689.16569946 |
                     0 |                     0 |                     0 |     -19.7962481162009 |      173.261810071255 |      3680330.29117518 |
                     0 |                     0 |                     0 |      54.9674535869489 |     -288.348018189019 |     -1960213.88513026 |
                     0 |                     0 |                     0 |      51.9314084091308 |       180.63755999874 |      96646.1378310707 |
                     0 |                     0 |                     0 |     -14.7001304236183 |     -242.279559491113 |     -1509432.36541949 |
                     0 |                     0 |                     0 |     0.807146054850244 |     -31.6715050500808 |     -1212450.04798554 |
                     0 |                     0 |                     0 |      18.2017363732002 |      65.1422787153334 |     -770503.125728307 |
                     0 |                     0 |                     0 |     -9.95098514222527 |      21.7146619956603 |      1109245.69315717 |
                     0 |                     0 |                     0 |      30.6071877551179 |      39.4178093645457 |      661572.066835386 |
                     0 |                     0 |                     0 |     -0.40065453915363 |     -99.6961800378577 |     -567685.876662842 |
                     0 |                     0 |                     0 |     -78.3772057818687 |       101.66005157949 |     -2407971.95768585 |
                     0 |                     0 |                     0 |     -32.2988013874003 |      324.514755381553 |      1635342.10800265 |
                     0 |                     0 |                     0 |     -1.68581371617816 |      543.490149314868 |     -515932.843598585 |
                     0 |                     0 |                     0 |     -12.7655429495553 |     -163.533316933099 |     -69001.8539995481 |
                     0 |                     0 |                     0 |     -39.9052065750095 |      115.553612416883 |      31124.0028390994 |
                     0 |                     0 |                     0 |      23.8385159115559 |     -4.80452278107703 |     -19618.6200250387 |
                     0 |                     0 |                     0 |     -64.3870480485238 |      -216.03147318886 |      1545956.12779587 |
                     0 |                     0 |                     0 |      100.195567703791 |     -141.196127949746 |      145818.130313144 |
                     0 |                     0 |                     0 |       9.9304649522198 |      79.1241987260537 |      438154.125679852 |
                     0 |                     0 |                     0 |      46.3062766865204 |     -265.033126603921 |     -1838649.20841219 |
                     0 |                     0 |                     0 |     -15.8892650030793 |     -392.141565872562 |      -1548460.9538811 |
                     0 |                     0 |                     0 |     -20.6331689517957 |      128.989664396405 |     -2034018.04382027 |
                     0 |                     0 |                     0 |      75.6246188983387 |      237.845959380072 |      2309502.33150703 |
                     0 |                     0 |                     0 |      17.1714971112012 |     -26.4741010005987 |      260454.144661688 |
                     0 |                     0 |                     0 |     -32.6174745379325 |      208.615009601873 |      868233.025834531 |
                     0 |                     0 |                     0 |      23.1243721413351 |      218.700836822179 |      774633.420824282 |
                     0 |                     0 |                     0 |      11.7637281851356 |      234.438246571866 |      399581.491331644 |
                     0 |                     0 |                     0 |     -58.9243654009563 |      491.446545740709 |      1967388.32165074 |
                     0 |                     0 |                     0 |     -30.8658276795162 |     -135.756475307272 |     -2598145.34848256 |
                     0 |                     0 |                     0 |      53.6575282539463 |       -289.4922456243 |      863847.627294811 |
                     0 |                     0 |                     0 |     -6.46311712433635 |     -132.001647801949 |      316341.639644368 |
                     0 |                     0 |                     0 |      20.7240938982545 |       283.91015845929 |      866674.305398144 |
                     0 |                     0 |                     0 |     -67.6607571651613 |      7.33412798099454 |     -513617.005823068 |
                     0 |                     0 |                     0 |      39.1704358865294 |     -136.562716499684 |      2861347.08064879 |
                     0 |                     0 |                     0 |       13.983824779664 |     -191.066870669771 |     -581516.561715495 |
                     0 |                     0 |                     0 |     -66.8321325226144 |      275.792785939754 |      520735.281142758 |
                     0 |                     0 |                     0 |     -29.3846943406526 |      386.512482382603 |      2563977.58605994 |
                     0 |                     0 |                     0 |      40.1268824344297 |      240.196730042028 |      273918.304643014 |
                     0 |                     0 |                     0 |     -74.9834781991591 |      19.3980380131182 |      -1276720.2264969 |
                     0 |                     0 |                     0 |       11.182774752811 |      -149.04716245785 |     -1943877.51696609 |
                     0 |                     0 |                     0 |      38.5677202029237 |     -81.5947806952613 |     -1801972.83491954 |
                     0 |                     0 |                     0 |      67.6716558319142 |      216.882132940194 |      2385259.44417829 |
                     0 |                     0 |                     0 |     -13.1256677676254 |     -126.589088136294 |     -1054769.74586025 |
                     0 |                     0 |                     0 |    -0.393041020038246 |      80.7425580963087 |      1065604.76591295 |
                     0 |                     0 |                     0 |      23.5700470518692 |      78.1541057941286 |     -16105.2188492864 |
                     0 |                     0 |                     0 |      78.7416936401828 |     -167.125669986855 |      349351.359083289 |
                     0 |                     0 |                     0 |      61.0775081629639 |      -52.414302774258 |       -4248696.483756 |
                     0 |                     0 |                     0 |     -19.0645368623817 |     0.932509931979548 |       3583973.2033697 |
                     0 |                     0 |                     0 |      26.7036422336312 |     -393.098484230908 |      78941.4332874566 |
                     0 |                     0 |                     0 |      93.0080197599622 |     -85.4661491908577 |     -360044.277997956 |
                     0 |                     0 |                     0 |      83.2798091269081 |     -144.825405368998 |      1185.74231489957 |
                     0 |                     0 |                     0 |      38.7497488596091 |     -250.329961559172 |      1009011.66712903 |
                     0 |                     0 |                     0 |     -159.456489855343 |      232.505494507094 |      -625735.54162878 |
                     0 |                     0 |                     0 |     -114.481659951394 |     -226.033531852493 |      925607.163710337 |
                     0 |                     0 |                     0 |      15.9007621907759 |     -128.993653294626 |      910742.885345127 |
                     0 |                     0 |                     0 |      9.64201598777521 |      63.3553674468605 |      1301412.59068318 |
                     0 |                     0 |                     0 |      19.5342100393292 |      76.9045198879306 |     -188640.510261467 |
                     0 |                     0 |                     0 |     -31.4626870474813 |     -364.329387610094 |      1460977.46935097 |
                     0 |                     0 |                     0 |     -34.1217261577336 |     -302.558478599612 |     -1223715.26460365 |
                     0 |                     0 |                     0 |     -23.7101577799058 |       -183.1975360318 |      -2525013.2311496 |
                     0 |                     0 |                     0 |      62.2702214385747 |     -523.949686483647 |     -785774.668350674 |
                     0 |                     0 |                     0 |     -5.94213729935161 |      -109.69126858719 |       71381.134211886 |
                     0 |                     0 |                     0 |      17.5401486523079 |      450.414202426069 |      -923780.92475773 |
                     0 |                     0 |                     0 |     -76.0752037690377 |     -133.297761041088 |      2260151.55290906 |
                     0 |                     0 |                     0 |      33.8179569443316 |     -367.339011791773 |     -568974.000068414 |
                     0 |                     0 |                     0 |     -9.71834576884827 |      104.593927386911 |      1292169.87567262 |
                     0 |                     0 |                     0 |     -73.1071486038169 |       391.86517537437 |     -1506210.99404748 |
                     0 |                     0 |                     0 |      26.2390875081227 |       66.577211116939 |      916603.934936431 |
                     0 |                     0 |                     0 |      31.6356289731197 |       351.72530033434 |      163188.721770416 |
                     0 |                     0 |                     0 |     -7.80168075107259 |     -118.939421879392 |     -3858458.78407101 |
                     0 |                     0 |                     0 |     -38.8526464260602 |      29.2846107758205 |      131727.059695511 |
                     0 |                     0 |                     0 |     -29.1166611528536 |     -153.172024216459 |      285548.002257265 |
                     0 |                     0 |                     0 |     -203.879113918981 |      412.472306211395 |      389299.184686103 |
                     0 |                     0 |                     0 |      44.8151435970698 |     -164.691296459464 |      -862425.60352091 |
                     0 |                     0 |                     0 |      70.8315415339059 |     -347.303722942229 |     -703573.261652283 |
                     0 |                     0 |                     0 |     -26.9468971623646 |     -125.604227237677 |      1465729.50111371 |
                     0 |                     0 |                     0 |     -6.17649353097459 |      9.90213432387814 |     -2156460.48890446 |
                     0 |                     0 |                     0 |      16.2227779995022 |      42.3290362757705 |     -1621232.17349258 |
                     0 |                     0 |                     0 |      86.6571907624233 |      370.607660995403 |      956646.803524181 |
                     0 |                     0 |                     0 |     -71.3225475021602 |     -226.522833096655 |     -603575.586694604 |
                     0 |                     0 |                     0 |     -8.83270114765338 |     -229.268495349327 |      1427349.25999817 |
                     0 |                     0 |                     0 |     -58.4384074405016 |     -290.298408019941 |      222356.438391902 |
                     0 |                     0 |                     0 |      89.7057542210971 |     -297.957644963956 |      518786.013211653 |
                     0 |                     0 |                     0 |      17.0669068896218 |      380.482059446361 |       3089083.6381051 |
                     0 |                     0 |                     0 |     -12.8932716964201 |     -19.3766808469794 |      313869.337928721 |
                     0 |                     0 |                     0 |     -5.14351751307051 |      184.511652057286 |     -897511.209019297 |
                     0 |                     0 |                     0 |      49.7152521233522 |      46.9398509574685 |     -1586335.17128669 |
                     0 |                     0 |                     0 |      41.7300898358663 |      246.082896845761 |     -390586.292335385 |
                     0 |                     0 |                     0 |      39.3961195697893 |     -18.0916332736192 |      1368324.07438192 |
                     0 |                     0 |                     0 |      26.1384328069893 |     -24.6213395078086 |      1356313.69497456 |
                     0 |                     0 |                     0 |      17.7374435182961 |     -180.334681358925 |      99263.5113158953 |
                     0 |                     0 |                     0 |     -47.4684252928732 |       105.02735352467 |      997172.303617713 |
                     0 |                     0 |                     0 |      64.9886018760185 |      460.019945440373 |      1286847.97145899 |
                     0 |                     0 |                     0 |      27.3002505478052 |      146.937035829722 |     -243605.965052094 |
                     0 |                     0 |                     0 |      73.3082950473043 |      97.2455462102359 |      1939066.32876999 |
                     0 |                     0 |                     0 |     -17.0962138814951 |     -126.305192684493 |      649061.836669606 |
                     0 |                     0 |                     0 |      26.3836305237597 |      46.7345739744373 |     -79595.9777705963 |
                     0 |                     0 |                     0 |      20.2385133816513 |      200.337563764773 |     -1226567.18942109 |
                     0 |                     0 |                     0 |      26.5578763271349 |      -43.626025072832 |        1974744.760996 |
                     0 |                     0 |                     0 |      10.8430641214951 |    -0.716190260538617 |      592041.089398712 |
                     0 |                     0 |                     0 |     -12.3210953968267 |      330.880116374566 |      1764636.58410329 |
                     0 |                     0 |                     0 |      3.30731869908545 |      4.66518429024362 |     -575994.800956626 |

Model scaling array:

                 0.003 |                 0.003 |                 0.003 |            5.28752948 |             35.479637 |             2043820.2 |
                 0.004 |                 0.004 |                 0.004 |           -0.60436058 |             20.547436 |             1298738.8 |
                 0.007 |                 0.007 |                 0.007 |             4.6831689 |             56.027073 |               3342559 |

Transformation Matrix:
1.0 |	0.0 |	0.0 |
0.0 |	1.0 |	0.0 |
0.0 |	0.0 |	1.0 |
